4 0.3453038674033149 0.3875 0.06629834254143646 0.3171875
1 0.6091755635359116 0.546477115625 0.5291304254143646 0.497405253125 0.4057276878453039 0.504954790625 0.013342986187845305 0.99575471875 0.9960603453038674 1 0.9927249309392265 0.846570203125 0.6091755635359116 0.546477115625
2 0.5773480662983426 0.4625 0.06353591160220995 0.1265625
4 0.9558011049723757 0.3890625 0.0856353591160221 0.7765625
4 0.7044198895027625 0.3765625 0.10773480662983426 0.4765625
4 0.850828729281768 0.3109375 0.1270718232044199 0.3515625
4 0.6215469613259669 0.3796875 0.055248618784530384 0.2765625
4 0.39779005524861877 0.396875 0.06077348066298342 0.2140625
4 0.48066298342541436 0.478125 0.09116022099447514 0.0453125
4 0.5580110497237569 0.3703125 0.06629834254143646 0.0546875
4 0.06906077348066299 0.309375 0.13535911602209943 0.6171875
4 0.15343883977900552 0.30975481875 0.2835344696132597 0.4332402953125 0.3140476961325967 0.30853242812500004 0.14453007458563535 0.0360939609375 0.15343883977900552 0.30975481875
4 0.3479512182320442 0.5483551078125 0.31743799723756905 0.502309196875 0.0021353756906077347 0.6854118578125 0.0021353756906077347 1 0.3479512182320442 0.5483551078125