2 0.31767955801104975 0.571875 0.2430939226519337 0.2703125
4 0.058011049723756904 0.4453125 0.03038674033149171 0.190625
4 0.15469613259668508 0.5359375 0.12154696132596685 0.103125
4 0.39779005524861877 0.43125 0.055248618784530384 0.146875
4 0.6602209944751382 0.45 0.03591160220994475 0.1765625
4 0.93646408839779 0.4234375 0.1270718232044199 0.140625
3 0.7734806629834254 0.65625 0.26243093922651933 0.2109375
3 0.5580110497237569 0.6515625 0.19613259668508287 0.165625
3 0.5718232044198895 0.496875 0.11602209944751381 0.071875
3 0.4198895027624309 0.56875 0.10773480662983426 0.14375
3 0.055248618784530384 0.56875 0.11049723756906077 0.109375
1 0.24861878453038674 0.84375 0.48342541436464087 0.3015625
1 0.6767955801104972 0.884375 0.36464088397790057 0.23125