2 0.5138121546961326 0.5484375 0.212707182320442 0.3546875
1 0.31215469613259667 0.66875 0.17403314917127072 0.1890625
1 0.5 0.8796875 1 0.2390625
3 0.9005524861878453 0.6375 0.19889502762430938 0.228125
3 0.7071823204419889 0.6375 0.19060773480662985 0.1875
3 0.1132596685082873 0.6140625 0.22375690607734808 0.1828125
3 0.143646408839779 0.5421875 0.2845303867403315 0.06875
3 0.712707182320442 0.4875 0.09668508287292818 0.0609375
4 0.8149171270718232 0.3953125 0.0718232044198895 0.196875
4 0.2154696132596685 0.41875 0.052486187845303865 0.184375
4 0.3370165745856354 0.5234375 0.12430939226519337 0.0890625
4 0.09668508287292818 0.490625 0.19337016574585636 0.0265625
4 0.5441988950276243 0.3984375 0.052486187845303865 0.1203125