2 0.36464088397790057 0.584375 0.27348066298342544 0.2953125
3 0.6104972375690608 0.6390625 0.15469613259668508 0.1546875
3 0.8397790055248618 0.6421875 0.2569060773480663 0.2140625
3 0.6132596685082873 0.4984375 0.1574585635359116 0.090625
3 0.46408839779005523 0.5625 0.10497237569060773 0.13125
3 0.09944751381215469 0.5625 0.13535911602209943 0.10625
3 0.03314917127071823 0.6015625 0.06629834254143646 0.1578125
1 1 0.9168088125 0.7464654779005525 0.744640253125 0.7004975994475138 0.7491252578125 0.6751358591160221 0.7231122578125 0.32007296685082876 0.7213182484375 0.30739209944751383 0.69799624375 0 0.6899232234375 0.014268256906077349 0.9922234874999999 0.9858160690607735 0.9931094859374999 1 0.9173021374999999 1 0.9168088125
4 0.9613259668508287 0.421875 0.07734806629834254 0.125
4 0.6933701657458563 0.403125 0.06077348066298342 0.2046875
4 0.430939226519337 0.4140625 0.06629834254143646 0.1484375
4 0.10220994475138122 0.425 0.06629834254143646 0.1671875
4 0.23480662983425415 0.534375 0.1270718232044199 0.090625