4 0.19337016574585636 0.3234375 0.3756906077348066 0.1234375
4 0.5773480662983426 0.309375 0.3729281767955801 0.028125
4 0.7541436464088398 0.4234375 0.058011049723756904 0.190625
4 0.8535911602209945 0.35625 0.024861878453038673 0.30625
3 0.7762430939226519 0.6390625 0.44751381215469616 0.234375
4 0.93646408839779 0.465625 0.12430939226519337 0.10625
1 0.43240955801104974 0.871347146875 0.5291303922651933 0.8128746859374999 0.5124543508287293 0.735540059375 0.5791585165745856 0.5110811171874999 0.6858853287292818 0.5035362515624999 0.6125105966850829 0.445063790625 0.5024488784530386 0.450722403125 0.3957220635359116 0.5770985890625 0.48577283977900554 0.5865296359375 0.4690967983425414 0.73365380625 0.27898977900552485 0.7694918140625 0.009173279005524863 0.790566040625 0.00883796408839779 0.9882920703125 0.48243767955801103 0.9939507546874999 0.4957783093922652 0.944909340625 0.43240955801104974 0.871347146875
4 0.2955801104972376 0.4265625 0.19337016574585636 0.0703125
4 0.4116022099447514 0.4234375 0.03591160220994475 0.2046875
4 0.8066298342541437 0.30625 0.058011049723756904 0.0390625
4 0.9323204419889503 0.2453125 0.13535911602209943 0.10625
2 0.12154696132596685 0.4875 0.2154696132596685 0.240625
4 0.019337016574585635 0.4 0.03591160220994475 0.0421875
4 0.10773480662983426 0.4078125 0.04696132596685083 0.0328125
3 0.7596685082872928 0.8796875 0.48066298342541436 0.240625
3 0.15193370165745856 0.675 0.3011049723756906 0.225
3 0.4005524861878453 0.6609375 0.11878453038674033 0.1671875