2 0.5082872928176796 0.5421875 0.17403314917127072 0.3296875
4 0.20718232044198895 0.496875 0.39502762430939226 0.0453125
4 0.17955801104972377 0.40625 0.07458563535911603 0.1234375
4 0.31767955801104975 0.55625 0.16022099447513813 0.065625
4 0.7707182320441989 0.409375 0.06353591160220995 0.20625
3 0.8798342541436464 0.6453125 0.24033149171270718 0.184375
3 0.6988950276243094 0.640625 0.1712707182320442 0.153125
3 0.11049723756906077 0.5984375 0.22099447513812154 0.15625
3 0.6712707182320442 0.5 0.10220994475138122 0.0640625
1 0.3812154696132597 0.859375 0.7596685082872928 0.28125
1 0.8756906077348067 0.875 0.22375690607734808 0.24375
1 0.3149171270718232 0.65625 0.1685082872928177 0.134375