4 0.19613259668508287 0.3546875 0.1408839779005525 0.4203125
1 0.8026176160220995 0.7129055328125 0.6125105966850829 0.716677965625 0.5624824751381216 0.59784671875 0.6225163232044199 0.5582364953125001 0.5758233563535912 0.5035362515624999 0.4557559143646409 0.5035362515624999 0.09256741988950276 0.9886792468750001 0.9860540662983426 0.9977231171875 0.9993946961325968 0.8619161 0.8026176160220995 0.7129055328125
4 0.06887181215469614 1 0.42573898895027623 0.5129672984375 0.4290741464088398 0.4809017953125 0.009173279005524863 0.7292452859375 0.012173121546961325 1 0.06887181215469614 1
4 0.3314917127071823 0.4375 0.07734806629834254 0.1421875
4 0.8646408839779005 0.2765625 0.14917127071823205 0.553125
4 0.7209944751381215 0.3421875 0.11878453038674033 0.2859375
4 0.6160220994475138 0.353125 0.07458563535911603 0.221875
4 0.4972375690607735 0.3171875 0.212707182320442 0.0671875
4 0.32044198895027626 0.2640625 0.07734806629834254 0.2359375
2 0.7182320441988951 0.596875 0.24033149171270718 0.209375
3 0.055248618784530384 0.6625 0.09668508287292818 0.1109375