4 0.505524861878453 0.415625 0.988950276243094 0.121875
4 0.35911602209944754 0.4890625 0.06353591160220995 0.3859375
4 0.5552486187845304 0.4625 0.3259668508287293 0.084375
4 0.04696132596685083 0.5046875 0.07458563535911603 0.0703125
3 0.03038674033149171 0.6453125 0.058011049723756904 0.2296875
3 0.1685082872928177 0.6609375 0.212707182320442 0.203125
3 0.09944751381215469 0.5375 0.049723756906077346 0.0609375
4 0.1712707182320442 0.50625 0.09668508287292818 0.0578125
4 0.3812154696132597 0.33125 0.5082872928176796 0.0875
4 0.8812154696132597 0.31875 0.23480662983425415 0.0765625
3 0.27348066298342544 0.63125 0.06906077348066299 0.26875
3 0.7403314917127072 0.571875 0.5193370165745856 0.1109375
3 0.42265193370165743 0.60625 0.07734806629834254 0.18125
3 0.7403314917127072 0.8234375 0.5193370165745856 0.3515625
3 0.9267955801104972 0.71484375 0.1464088397790055 0.1984375
1 0.6087761519337017 0.9702711609374999 0.5563300248618784 0.961477434375 0.4689197182320442 0.8790357625 0.45726504143646407 0.8636466328125 0.45338019889502756 0.7339383671874999 0.4106461795580111 0.7141524593749999 0.3348905524861878 0.7163508281250001 0.3232358729281768 0.774609684375 0.015056450276243093 0.783227740625 0.0066164005524861885 0.9955533078125001 0.6126612928176796 1 0.6087761519337017 0.9702711609374999