4 0.888121546961326 0.30234375 0.22375690607734808 0.5890625
4 0.13535911602209943 0.3671875 0.1408839779005525 0.709375
1 0.03218457458563536 1 0.9860540662983426 0.9939507546874999 0.9860540662983426 0.873233328125 0.6592035635359116 0.588415671875 0.2593557044198895 0.5877358515625 0.24897310773480663 0.6657502984375 0.02884916298342541 0.9335919687500001 0.03218457458563536 1
4 0.08287292817679558 0.6125 0.14917127071823205 0.3171875
4 0.049723756906077346 0.771875 0.09944751381215469 0.0875
4 0.8259668508287292 0.615625 0.12154696132596685 0.0609375
4 0.3011049723756906 0.2890625 0.1574585635359116 0.0671875
4 0.3397790055248619 0.4546875 0.10773480662983426 0.2578125
4 0.6187845303867403 0.353125 0.0718232044198895 0.203125
4 0.47513812154696133 0.5390625 0.16298342541436464 0.0984375
0 0.7154696132596685 0.4625 0.049723756906077346 0.28125