1 0.74907158839779 0.626825359375 0.599686773480663 0.49295105 0.43421425690607734 0.49425078125 0.02068745580110497 0.9884409109375 0.7077034171270719 0.9816572796875 0.6939140828729282 0.74510265 0.74907158839779 0.626825359375
4 0 0.6537735875 0.005502259668508288 0.9617002140625001 0.425738908839779 0.4898557125 0.41573342541436464 0.448333459375 0 0.6537735875
4 0.23229677071823204 0.0387724796875 0.012172582872928177 0 0.009173279005524863 0.0570754734375 0.37571072928176796 0.4690945859375 0.399057364640884 0.3822752390625 0.22562619337016573 0.09161904062500001 0.23229677071823204 0.0387724796875
4 0.17403314917127072 0.359375 0.11878453038674033 0.3328125
4 0.6795580110497238 0.2890625 0.0856353591160221 0.346875
4 0.8287292817679558 0.2484375 0.1270718232044199 0.4734375
4 0.9447513812154696 0.253125 0.11049723756906077 0.484375
4 0.6132596685082873 0.353125 0.04143646408839779 0.1890625
4 0.3701657458563536 0.3171875 0.027624309392265192 0.1125
4 0.3149171270718232 0.2328125 0.04419889502762431 0.0875
2 0.8812154696132597 0.7546875 0.23480662983425415 0.4890625
2 0.5497237569060773 0.4453125 0.055248618784530384 0.0921875