4 0.06629834254143646 0.3296875 0.11878453038674033 0.275
4 0.5580110497237569 0.4 0.8839779005524862 0.1375
4 0.580110497237569 0.2171875 0.8397790055248618 0.05
4 0.5303867403314917 0.3109375 0.5331491712707183 0.06875
4 0.9613259668508287 0.2984375 0.07734806629834254 0.1
4 0.505524861878453 0.565625 0.06629834254143646 0.2375
4 0.712707182320442 0.484375 0.39502762430939226 0.04375
4 0.23756906077348067 0.096875 0.4558011049723757 0.16875
4 0.5 0.1703125 1 0.075
4 0.5 0.0328125 1 0.0640625
3 0.2955801104972376 0.68125 0.292817679558011 0.246875
3 0.2265193370165746 0.5390625 0.055248618784530384 0.0625
3 0.07734806629834254 0.6703125 0.1464088397790055 0.2421875
3 0.6132596685082873 0.6328125 0.09668508287292818 0.25625
3 0.8370165745856354 0.83125 0.3259668508287293 0.3359375
1 0.6774464171270718 0.95936593125 0.6445408784530388 0.9387274031249999 0.6471732900552487 0.737619353125 0.6340110359116022 0.7465574937499999 0.5892593480662983 0.7450677984375 0.5826782209944752 0.7264466828125 0.5497725828729282 0.717508540625 0.5366103287292817 0.7361296578125 0.5089696132596685 0.7108049296875001 0.47211525966850826 0.7145291515625 0.47738018232044194 0.7942275328124999 0.45500438950276245 0.8128486484374999 0.1575374447513812 0.8195522625 0.14437519337016574 0.80316573125 0.13121293646408838 0.7703924984375 0.041709563535911605 0.7614543874999999 0.040393356353591155 0.8039105359375001 0.00855685635359116 0.8034381375 0.010120132596685084 0.9988427203124999 0.7156170773480663 1 0.6774464171270718 0.95936593125