2 0.1298342541436464 0.5578125 0.20994475138121546 0.2265625
1 0.4447513812154696 0.884375 0.8756906077348067 0.2296875
3 0.5718232044198895 0.6609375 0.17679558011049723 0.1375
3 0.7983425414364641 0.675 0.20441988950276244 0.1859375
4 0.4005524861878453 0.434375 0.07734806629834254 0.165625
3 0.5580110497237569 0.5046875 0.13259668508287292 0.0625
3 0.4143646408839779 0.578125 0.13812154696132597 0.1359375
1 0.23756906077348067 0.7359375 0.4723756906077348 0.059375
1 0.2983425414364641 0.6515625 0.11602209944751381 0.0921875
1 0.42265193370165743 0.6796875 0.12430939226519337 0.0640625
4 0.06353591160220995 0.3984375 0.049723756906077346 0.1171875
4 0.2955801104972376 0.553125 0.10497237569060773 0.1015625
4 0.6574585635359116 0.434375 0.08011049723756906 0.203125
4 0.9475138121546961 0.44375 0.10497237569060773 0.115625