2 0.3812154696132597 0.5421875 0.20165745856353592 0.321875
3 0.5994475138121547 0.64375 0.1685082872928177 0.178125
3 0.787292817679558 0.6515625 0.32044198895027626 0.2453125
3 0.016574585635359115 0.5984375 0.03314917127071823 0.1890625
3 0.08011049723756906 0.56875 0.13535911602209943 0.096875
3 0.5966850828729282 0.4984375 0.11602209944751381 0.071875
3 0.44751381215469616 0.5625 0.12430939226519337 0.1296875
1 0 0.9984875984375 0.9931507044198895 0.999171371875 0.98777641160221 0.9211126421875001 0.8480462044198895 0.7660088421875 0.6312854889502763 0.7112663578125 0.5005123425414364 0.70619760625 0.4933468038674033 0.6788263453125001 0.3751134861878453 0.6747713484375 0.37690487292817676 0.7143075999999999 0.28195996961325964 0.7143075999999999 0.28554287845303866 0.675785084375 0 0.6879501125 0 0.9984875984375
4 0.20994475138121546 0.5359375 0.1685082872928177 0.1125
4 0.09116022099447514 0.41875 0.06629834254143646 0.1875
4 0.4281767955801105 0.4125 0.04143646408839779 0.15
4 0.6823204419889503 0.4171875 0.04143646408839779 0.2046875
4 0.9475138121546961 0.421875 0.10497237569060773 0.1390625