2 0.4447513812154696 0.55 0.3784530386740331 0.409375
2 0.12154696132596685 0.5625 0.24033149171270718 0.3875
1 0.3867403314917127 0.8984375 0.7707182320441989 0.2015625
1 0.8674033149171271 0.934375 0.23204419889502761 0.1171875
1 0.649171270718232 0.746875 0.23756906077348067 0.1484375
3 0.888121546961326 0.74453125 0.22375690607734808 0.2578125
3 0.8259668508287292 0.48125 0.1712707182320442 0.1015625
3 0.6408839779005525 0.5609375 0.20994475138121546 0.184375
4 0.5966850828729282 0.3671875 0.07458563535911603 0.2078125
4 0.9558011049723757 0.36875 0.058011049723756904 0.259375
4 0.16298342541436464 0.371875 0.06353591160220995 0.190625