2 0.11602209944751381 0.565625 0.212707182320442 0.271875
1 1 0.977793525 0.8873151436464088 0.8682325921875 0.8948338977900552 0.8084673234374999 0.7084507320441988 0.7851183546875 0.666279546961326 0.74314975625 0.5179529337016575 0.7415039546875 0.4815983867403315 0.6633272 0.3812599281767956 0.64769181875 0.368172270718232 0.6098378328125 0.2474751325966851 0.6106607171875 0.2620169502762431 0.67237921875 0.12386967403314918 0.7118790546875 0 0.7069415859375 0 0.9982529281250001 0.9963787817679558 0.9990758296875001 1 0.981953296875 1 0.977793525
3 0.6022099447513812 0.6671875 0.19337016574585636 0.16875
3 0.6104972375690608 0.521875 0.11878453038674033 0.0828125
3 0.45027624309392267 0.58125 0.12154696132596685 0.15
3 0.8397790055248618 0.6828125 0.23480662983425415 0.228125
3 0.9806629834254144 0.634375 0.03867403314917127 0.1
4 0.9723756906077348 0.4234375 0.055248618784530384 0.1703125
4 0.7016574585635359 0.4140625 0.06353591160220995 0.2140625
4 0.43646408839779005 0.434375 0.07734806629834254 0.1484375
4 0.08287292817679558 0.3890625 0.07734806629834254 0.10625
4 0.3149171270718232 0.55 0.13535911602209943 0.1125