4 0.6160220994475138 0.3546875 0.1298342541436464 0.390625
4 0.8259668508287292 0.14375 0.34806629834254144 0.0765625
4 0.7762430939226519 0.1125 0.11049723756906077 0.05625
4 0.8950276243093923 0.0734375 0.20994475138121546 0.146875
4 0.4530386740331492 0.0203125 0.43646408839779005 0.0359375
4 0.12154696132596685 0.525 0.22375690607734808 0.0640625
3 0.1408839779005525 0.6640625 0.281767955801105 0.1796875
4 0.17955801104972377 0.5765625 0.1132596685082873 0.1140625
4 0.30386740331491713 0.503125 0.17403314917127072 0.021875
4 0.7955801104972375 0.5 0.24033149171270718 0.065625
3 0.45027624309392267 0.5203125 0.1270718232044199 0.1671875
3 0.27071823204419887 0.8515625 0.5386740331491713 0.296875
3 0.7016574585635359 0.7921875 0.5966850828729282 0.4140625
3 0.9502762430939227 0.553125 0.09668508287292818 0.1859375