4 0.7734806629834254 0.2078125 0.39226519337016574 0.1640625
4 0.8287292817679558 0.4328125 0.3011049723756906 0.0859375
4 0.93646408839779 0.55 0.11878453038674033 0.1453125
2 0.4005524861878453 0.6265625 0.7817679558011049 0.7453125
4 0.03038674033149171 0.35 0.03867403314917127 0.165625
4 0.48342541436464087 0.3078125 0.30662983425414364 0.0234375
4 0.6160220994475138 0.415625 0.06629834254143646 0.1515625
4 0.7071823204419889 0.375 0.03591160220994475 0.078125
4 0.6988950276243094 0.3078125 0.0856353591160221 0.0390625
4 0.930939226519337 0.35 0.09116022099447514 0.1984375
3 0.6988950276243094 0.5671875 0.35911602209944754 0.178125
3 0.8591160220994475 0.828125 0.281767955801105 0.3421875