4 0.16574585635359115 0.36875 0.3011049723756906 0.259375
4 0.712707182320442 0.3484375 0.574585635359116 0.2390625
4 0.4723756906077348 0.396875 0.44751381215469616 0.1515625
4 0.7486187845303868 0.525 0.07458563535911603 0.1578125
3 0.8867403314917127 0.6515625 0.2265193370165746 0.26875
4 0.8812154696132597 0.478125 0.23756906077348067 0.078125
4 0.356353591160221 0.071875 0.7099447513812155 0.14375
4 0.5 0.175 1 0.0515625
4 0.8287292817679558 0.09375 0.3425414364640884 0.1203125
3 0.5248618784530387 0.728125 0.32044198895027626 0.3109375
3 0.4198895027624309 0.553125 0.04419889502762431 0.0703125
3 0.1878453038674033 0.709375 0.31215469613259667 0.3046875
1 0.9771420773480664 0.7853360890625 0.9198620939226518 0.7596746390625 0.8697418370165746 0.8015434546875 0.8196217624309392 0.7907385265625 0.8124616712707182 0.7596746390625 0.7193814309392266 0.7664276609375 0.7289281546961325 0.8933844343749999 0.32558055248618784 0.9001374546875001 0.3136471933701657 0.82585421875 0.21579367955801104 0.8082964765625 0.19431359392265193 0.8677229828125 0.1370334309392265 0.8609699609374999 0.14419351933701657 0.7947904328125001 0.0005967127071823204 0.8391402765624999 0.012926558011049725 1 0.9699819861878454 0.9987316093749999 0.9771420773480664 0.7853360890625