2 0.3729281767955801 0.5578125 0.3342541436464088 0.4359375
2 0.11049723756906077 0.5546875 0.22099447513812154 0.359375
3 0.8453038674033149 0.7 0.2983425414364641 0.221875
3 0.5966850828729282 0.578125 0.17955801104972377 0.1859375
4 0.56353591160221 0.384375 0.0718232044198895 0.225
3 0.7486187845303868 0.4765625 0.14917127071823205 0.0828125
3 0.9585635359116023 0.5421875 0.08011049723756906 0.175
1 0.36187845303867405 0.8796875 0.7237569060773481 0.2390625
1 0.8342541436464088 0.9046875 0.3314917127071823 0.184375
4 0.15193370165745856 0.3578125 0.07458563535911603 0.190625
4 0.8839779005524862 0.3671875 0.07734806629834254 0.2640625