2 0.35359116022099446 0.5421875 0.26795580110497236 0.2796875
1 0.3314917127071823 0.8609375 0.6464088397790055 0.278125
1 0.7679558011049724 0.8828125 0.212707182320442 0.2328125
3 0.7845303867403315 0.6625 0.20718232044198895 0.1734375
3 0.569060773480663 0.65 0.16022099447513813 0.146875
3 0.055248618784530384 0.5734375 0.10773480662983426 0.1390625
3 0.5607734806629834 0.50625 0.10220994475138122 0.0828125
3 0.4198895027624309 0.5796875 0.09116022099447514 0.1328125
4 0.9447513812154696 0.434375 0.11049723756906077 0.1328125
4 0.6685082872928176 0.4328125 0.055248618784530384 0.1859375
4 0.39779005524861877 0.428125 0.06353591160220995 0.1421875
4 0.06629834254143646 0.4390625 0.052486187845303865 0.190625
4 0.14917127071823205 0.54375 0.06353591160220995 0.1
4 0.24585635359116023 0.5609375 0.06077348066298342 0.0609375
3 0.925414364640884 0.6203125 0.08011049723756906 0.0953125