4 0.5082872928176796 0.3984375 0.9779005524861878 0.1609375
4 0.23756906077348067 0.1125 0.4696132596685083 0.2234375
4 0.7265193370165746 0.171875 0.5441988950276243 0.11875
4 0.7237569060773481 0.0265625 0.5497237569060773 0.0421875
4 0.5911602209944752 0.296875 0.5718232044198895 0.071875
4 0.0856353591160221 0.2796875 0.1685082872928177 0.2109375
4 0.569060773480663 0.575 0.06629834254143646 0.2015625
4 0.7569060773480663 0.4984375 0.4530386740331492 0.028125
3 0.10220994475138122 0.678125 0.19889502762430938 0.2640625
3 0.6685082872928176 0.65 0.11602209944751381 0.25
3 0.27348066298342544 0.5484375 0.06077348066298342 0.0578125
3 0.3674033149171271 0.70625 0.27900552486187846 0.240625
3 0.8798342541436464 0.828125 0.24033149171270718 0.34375
1 0.7268707099447514 0.9665088640624999 0.7254598977900553 0.7629212328125 0.7113515635359117 0.72938918125 0.6732591022099448 0.763719634375 0.6267015552486188 0.7397681515625 0.5716790276243094 0.7357762375 0.5307648370165746 0.7469535781250001 0.5406407348066299 0.80523554375 0.520889046961326 0.8251951125 0.26976064640883973 0.8307837671874999 0.22179239779005525 0.8363724515625 0.20204070718232042 0.826791853125 0.19075399447513813 0.8148161125 0.1597157044198895 0.8180097156249999 0.08776321823204421 0.8259935437499999 0.005644237569060773 0.815295078125 0.0045240220994475135 1 0.7691957127071823 0.9950240984375001 0.7268707099447514 0.9665088640624999