2 0.48342541436464087 0.628125 0.4419889502762431 0.553125
3 0.787292817679558 0.6109375 0.2154696132596685 0.2296875
3 0.06077348066298342 0.5375 0.11878453038674033 0.140625
1 0.1878453038674033 0.80625 0.356353591160221 0.3875
1 0.6712707182320442 0.95625 0.6574585635359116 0.0859375
1 0.7182320441988951 0.8265625 0.27348066298342544 0.2234375
4 0.9475138121546961 0.378125 0.10497237569060773 0.1640625
4 0.6546961325966851 0.3859375 0.06629834254143646 0.2
4 0.3839779005524862 0.36875 0.0718232044198895 0.1125
4 0.058011049723756904 0.4046875 0.06629834254143646 0.2
4 0.21823204419889503 0.5109375 0.1878453038674033 0.0921875