2 0.47513812154696133 0.59375 0.32044198895027626 0.5203125
4 0.2292817679558011 0.5015625 0.24861878453038674 0.0921875
4 0.6629834254143646 0.3796875 0.0856353591160221 0.2109375
4 0.9406077348066298 0.38671875 0.11878453038674033 0.1265625
4 0.06906077348066299 0.4046875 0.058011049723756904 0.1765625
3 0.8038674033149171 0.6203125 0.26243093922651933 0.1984375
3 0.5994475138121547 0.6078125 0.11878453038674033 0.121875
3 0.574585635359116 0.4703125 0.0856353591160221 0.0734375
3 0.06906077348066299 0.5328125 0.13535911602209943 0.0859375
3 0.03591160220994475 0.609375 0.0718232044198895 0.075
1 0.19337016574585636 0.8328125 0.3839779005524862 0.3328125
1 0.6629834254143646 0.9078125 0.5359116022099447 0.184375
1 0.6160220994475138 0.7453125 0.14917127071823205 0.153125
1 0.7900552486187845 0.7796875 0.18232044198895028 0.1109375