4 0.11049723756906077 0.409375 0.12430939226519337 0.3203125
4 0.2569060773480663 0.4265625 0.21823204419889503 0.2234375
4 0.7016574585635359 0.2953125 0.48066298342541436 0.0640625
4 0.8674033149171271 0.403125 0.2513812154696133 0.1265625
4 0.5552486187845304 0.3546875 0.3839779005524862 0.059375
4 0.3425414364640884 0.296875 0.3370165745856354 0.0578125
3 0.4171270718232044 0.478125 0.14917127071823205 0.1984375
2 0.5580110497237569 0.471875 0.16298342541436464 0.1859375
4 0.5165745856353591 0.403125 0.06353591160220995 0.0375
2 0.6823204419889503 0.4625 0.18232044198895028 0.1828125
4 0.5994475138121547 0.3953125 0.10773480662983426 0.0125
4 0.6215469613259669 0.4171875 0.04143646408839779 0.0203125
4 0.7403314917127072 0.396875 0.055248618784530384 0.0296875
4 0.9502762430939227 0.5 0.09392265193370165 0.0625
3 0.5027624309392266 0.7265625 0.5193370165745856 0.2671875
3 0.7016574585635359 0.578125 0.31767955801104975 0.1265625
3 0.8756906077348067 0.73125 0.24861878453038674 0.2296875
1 0.13535911602209943 0.8109375 0.2513812154696133 0.378125
1 0.6464088397790055 0.934375 0.7071823204419889 0.13125