4 0.32320441988950277 0.403125 0.09668508287292818 0.3125
4 0.4116022099447514 0.4203125 0.08839779005524862 0.2484375
4 0.5027624309392266 0.415625 0.09116022099447514 0.2234375
4 0.7679558011049724 0.3484375 0.4613259668508287 0.06875
2 0.5939226519337016 0.4796875 0.14917127071823205 0.2078125
4 0.6988950276243094 0.4 0.0856353591160221 0.0234375
2 0.7569060773480663 0.4828125 0.11878453038674033 0.209375
4 0.8259668508287292 0.403125 0.06629834254143646 0.028125
1 1 0.9202138812499999 0.6867527099447513 0.9504548171874999 0.5498336712707182 0.8823244000000001 0.4719314309392265 0.6271692 0.7740974944751382 0.6298409921875 0.7740974944751382 0.6031231734375 0.5144235966850829 0.6031231734375 0.5191448674033149 0.5643823671875 0.304323770718232 0.601787303125 0.2429463397790055 0.67926906875 0.23350361602209943 0.79816328125 0.07061722651933701 0.903698634375 0.068256591160221 0.6565588109375 0 0.6578947328125 0 0.9972110000000001 1 0.999997965625 1 0.9202138812499999
3 0.8867403314917127 0.5796875 0.2265193370165746 0.1703125
2 0.8977900552486188 0.4796875 0.10773480662983426 0.1765625
4 0.9723756906077348 0.428125 0.055248618784530384 0.075
4 0.7044198895027625 0.4203125 0.04143646408839779 0.028125
2 0.1574585635359116 0.5953125 0.26243093922651933 0.503125
3 0.7196132596685083 0.771875 0.5607734806629834 0.290625
3 0.4171270718232044 0.2015625 0.5303867403314917 0.1453125