2 0.10773480662983426 0.5578125 0.1464088397790055 0.2453125
4 0.9585635359116023 0.4375 0.08011049723756906 0.1328125
4 0.6795580110497238 0.4296875 0.06353591160220995 0.225
4 0.4116022099447514 0.4375 0.07458563535911603 0.1515625
1 0.9760488701657459 1 0.9893900248618785 0.9692497546875 0.8493109723756906 0.8635564875 0.8359700745856354 0.79372356875 0.6325221961325967 0.7635254828125 0.6458628425414364 0.7314401171875 0.4857728232044199 0.7314401171875 0.449085544198895 0.663494478125 0.345693773480663 0.6540575890625 0.32901771270718233 0.6030983765625 0.2122852955801105 0.6030983765625 0.22229103314917126 0.68048090625 0 0.7198113234375 0 1 0.9760488701657459 1
4 0.292817679558011 0.5515625 0.143646408839779 0.1171875
4 0.06077348066298342 0.3890625 0.049723756906077346 0.0984375
3 0.42265193370165743 0.5796875 0.12154696132596685 0.1328125
3 0.580110497237569 0.65625 0.16022099447513813 0.1421875
3 0.7790055248618785 0.6734375 0.2265193370165746 0.2328125
3 0.569060773480663 0.509375 0.1132596685082873 0.071875
3 0.9558011049723757 0.625 0.08839779005524862 0.10625