4 0.3259668508287293 0.0953125 0.649171270718232 0.184375
4 0.5 0.1203125 1 0.1234375
4 0.5027624309392266 0.3875 0.994475138121547 0.1609375
4 0.6919889502762431 0.26796875 0.6160220994475138 0.0640625
4 0.13535911602209943 0.275 0.27071823204419887 0.0734375
4 0.47790055248618785 0.2171875 0.1878453038674033 0.06875
4 0.18232044198895028 0.2125 0.20441988950276244 0.096875
4 0.7955801104972375 0.178125 0.40607734806629836 0.0625
4 0.6850828729281768 0.5875 0.052486187845303865 0.2453125
3 0.8121546961325967 0.6453125 0.19337016574585636 0.2640625
4 0.8535911602209945 0.4921875 0.292817679558011 0.0515625
3 0.16298342541436464 0.709375 0.2955801104972376 0.3
3 0.48066298342541436 0.7140625 0.30662983425414364 0.290625
3 0.3756906077348066 0.5484375 0.04419889502762431 0.065625
3 0.9585635359116023 0.7625 0.08011049723756906 0.475
1 0.8949474613259668 0.7574570406250001 0.8630201906077348 0.743495890625 0.8267394005524863 0.7886643 0.7483729861878453 0.7870218046875 0.7904586104972375 0.7369259453125 0.7004823011049723 0.744317121875 0.6569453535911602 0.749244603125 0.6540429364640884 0.8650400296875 0.2883325193370166 0.8732524671874999 0.2636616270718232 0.7993404625 0.18094147513812156 0.7845580796875 0.16207541988950275 0.8395814203124999 0.10547736740331491 0.837117665625 0.12724583977900553 0.7804518609375 0.0021771740331491714 0.8263255656249999 0 0.99808146875 0.8862399834254143 0.9906902625 0.8949474613259668 0.7574570406250001