4 0.8812154696132597 0.353125 0.143646408839779 0.6859375
4 0.1298342541436464 0.146875 0.21823204419889503 0.2609375
4 0.1850828729281768 0.4140625 0.13812154696132597 0.30625
4 0.30386740331491713 0.1515625 0.12154696132596685 0.1984375
4 0.3287292817679558 0.421875 0.058011049723756904 0.184375
4 0.6215469613259669 0.3609375 0.055248618784530384 0.221875
4 0.6988950276243094 0.346875 0.09668508287292818 0.2890625
4 0.34806629834254144 0.303125 0.07734806629834254 0.08125
1 1 0.9796855125 0.9927243812154696 0.8562574156249999 0.8292991298342541 0.718564290625 0.6191811657458564 0.7261090125 0.6091754392265194 0.53371564375 0.5491418453038673 0.5035362515624999 0.4428228149171271 0.516981134375 0.09555332596685084 1 1 0.992070971875 1 0.9796855125
2 0.7292817679558011 0.596875 0.2265193370165746 0.2421875
4 0.08221269613259669 1 0.44908559668508286 0.507308684375 0.4390798729281768 0.4809017953125 0.005029745856353591 0.7456752875 0.005502806629834254 1 0.08221269613259669 1
3 0.052486187845303865 0.65625 0.10497237569060773 0.1171875