4 0.9760483425414365 0.022552901562499998 0.7430417237569061 0.2363207578125 0.7325782955801106 0.6317985453125 0.9960597928176795 0.8449401875 0.9760483425414365 0.022552901562499998
4 0 0.331891228125 0.15225201933701657 0.34320845625 0.15892233425414365 0.288508428125 0 0.2245283046875 0 0.331891228125
0 0.27348066298342544 0.4390625 0.03591160220994475 0.0890625
4 0.3259668508287293 0.4328125 0.06629834254143646 0.096875
4 0.016574585635359115 0.5078125 0.03038674033149171 0.328125
4 0.10773480662983426 0.4828125 0.019337016574585635 0.2859375
4 0.6160220994475138 0.4625 0.016574585635359115 0.1421875
4 0.6546961325966851 0.4640625 0.013812154696132596 0.196875
0 0.6988950276243094 0.453125 0.052486187845303865 0.3125
0 0.5027624309392266 0.45625 0.13812154696132597 0.1
0 0.20165745856353592 0.4578125 0.058011049723756904 0.28125
1 0.34984852486187845 0.5190911609375 0.32409490331491714 0.591058334375 0.24380448342541436 0.578207053125 0.0074776629834254135 0.699865859375 0.0074776629834254135 0.9945885984375 0.9936872458563536 0.998015621875 0.9984957569060774 0.8990107999999999 0.5770857624309392 0.5096668828124999 0.4361986270718232 0.5105236390625 0.4043854392265193 0.5345127234375 0.34984852486187845 0.5190911609375
3 0.287292817679558 0.534375 0.08287292817679558 0.0984375