2 0.31767955801104975 0.5671875 0.17955801104972377 0.246875
1 0.24033149171270718 0.85625 0.48066298342541436 0.2859375
3 0.5662983425414365 0.665625 0.1850828729281768 0.1640625
3 0.055248618784530384 0.5671875 0.11049723756906077 0.146875
3 0.7900552486187845 0.6609375 0.19060773480662985 0.1984375
3 0.9502762430939227 0.6171875 0.08287292817679558 0.1328125
3 0.574585635359116 0.5140625 0.15469613259668508 0.0671875
1 0.6795580110497238 0.8828125 0.3729281767955801 0.234375
4 0.9392265193370166 0.4421875 0.11878453038674033 0.1125
4 0.6657458563535912 0.4546875 0.049723756906077346 0.1328125
4 0.39779005524861877 0.4265625 0.055248618784530384 0.134375
4 0.055248618784530384 0.434375 0.06629834254143646 0.1859375
4 0.26243093922651933 0.5609375 0.09392265193370165 0.065625
4 0.43646408839779005 0.575 0.06353591160220995 0.1109375