2 0.03867403314917127 0.4546875 0.0718232044198895 0.20625
2 0.14917127071823205 0.459375 0.13812154696132597 0.1484375
3 0.13259668508287292 0.8296875 0.2292817679558011 0.340625
3 0.7762430939226519 0.8765625 0.44751381215469616 0.2453125
1 0.5037238618784531 0.8135948171875 0.5054794585635359 0.7688875109375 0.5581480690607735 0.677485934375 0.5247912541436465 0.5334290171875 0.6424178977900553 0.5006436671875 0.5721930856353591 0.454942859375 0.4773895580110497 0.455936359375 0.4492996602209945 0.526474578125 0.3632742348066298 0.5334290171875 0.3685410165745856 0.5701883671875 0.45632203591160225 0.573168846875 0.48265633977900557 0.6019802375000001 0.4492996602209945 0.717225725 0.3035831160220994 0.7082842859375 0.30182752486187847 0.7788224687499999 0.22633579558011052 0.7211998000000001 0.15962230110497239 0.7301412 0.2860269143646409 0.8563151640625 0.28796950276243094 0.9921944500000001 0.4914344419889503 1 0.5037238618784531 0.9129443890625 0.5037238618784531 0.8135948171875
3 0.36464088397790057 0.6359375 0.2900552486187845 0.140625
3 0.13535911602209943 0.6375 0.26795580110497236 0.10625
3 0.23480662983425415 0.55 0.23204419889502761 0.0625
3 0.7734806629834254 0.721875 0.43646408839779005 0.23125
3 0.7762430939226519 0.559375 0.44751381215469616 0.13125
3 0.9088397790055248 0.3515625 0.18232044198895028 0.0890625