4 0.20441988950276244 0.359375 0.39226519337016574 0.2578125
4 0.7679558011049724 0.34375 0.46408839779005523 0.246875
4 0.5 0.1421875 1 0.065625
4 0.505524861878453 0.053125 0.988950276243094 0.0828125
4 0.292817679558011 0.2109375 0.2154696132596685 0.05625
4 0.6187845303867403 0.2234375 0.2265193370165746 0.0859375
4 0.5469613259668509 0.3890625 0.430939226519337 0.1875
4 0.9088397790055248 0.465625 0.18232044198895028 0.1375
1 0.996067 0.8330822984375 0.9511570138121548 0.822685503125 0.9817775 0.7776327859375 0.9042055386740332 0.7926503874999999 0.8695023839779006 0.7914951640625 0.8266335773480663 0.7822535937499999 0.8225509088397789 0.945136415625 0.402029593922652 0.9358948437500001 0.3979467707182321 0.9070149078125 0.3816159364640884 0.8492550359375001 0.27342348895027624 0.8203751 0.27342348895027624 0.8850661843750001 0.2223893453038674 0.9070149078125 0.19585168232044198 0.8862214515625 0.2183066767955801 0.8596518312500001 0.21218251657458562 0.8261510875000001 0.10807289226519338 0.84809985625 0.08970057182320441 0.8677382218749999 0.04479058563535912 0.85387584375 0.12032105801104973 0.8030471390624999 0.16318970718232045 0.7914951640625 0.22647216850828727 0.7764776062500001 0.2223893453038674 0.7545288375 0.1468588729281768 0.751063253125 0.09990739779005524 0.730269709375 0.07541107182320442 0.730269709375 0.06928691436464088 0.7579944640625 0.018375295580110498 0.80290196875 0 0.9936547171875001 0.996067 1 0.996067 0.8330822984375
3 0.6270718232044199 0.7546875 0.40331491712707185 0.35
3 0.4972375690607735 0.5625 0.04143646408839779 0.0671875
3 0.2430939226519337 0.7328125 0.292817679558011 0.3125
3 0.9419889502762431 0.6796875 0.11602209944751381 0.275