2 0.3011049723756906 0.5546875 0.212707182320442 0.259375
1 0 0.9909043203125 0.9969577900552486 0.9896175218750001 0.849922596685083 0.8539971515625 0.853673406077348 0.8062388015625 0.7111405718232044 0.7977483546874999 0.6530021933701657 0.7478674828125 0.46733435635359116 0.7563577671874999 0.45045543646408837 0.6587184640625 0.2572859806629834 0.662963665625 0.11287759944751381 0.7139059 0 0.7149672203125 0 0.9909043203125
3 0.5662983425414365 0.6625 0.1878453038674033 0.153125
3 0.7900552486187845 0.6765625 0.26243093922651933 0.2203125
4 0.4005524861878453 0.453125 0.055248618784530384 0.1546875
3 0.56353591160221 0.5171875 0.0856353591160221 0.05
3 0.4116022099447514 0.5828125 0.13259668508287292 0.1265625
3 0.04696132596685083 0.5859375 0.09392265193370165 0.1171875
4 0.6464088397790055 0.4234375 0.0718232044198895 0.2
4 0.9419889502762431 0.4375 0.1132596685082873 0.1609375
4 0.058011049723756904 0.44375 0.06077348066298342 0.1828125