4 0.30386740331491713 0.0984375 0.569060773480663 0.1953125
4 0.8011049723756906 0.146875 0.39779005524861877 0.115625
4 0.5138121546961326 0.3921875 0.9723756906077348 0.16875
4 0.1132596685082873 0.2796875 0.2265193370165746 0.1
4 0.43646408839779005 0.2640625 0.1850828729281768 0.096875
4 0.7292817679558011 0.29375 0.4613259668508287 0.0921875
4 0.649171270718232 0.521875 0.0856353591160221 0.1171875
4 0.8370165745856354 0.4875 0.3259668508287293 0.0640625
3 0.13535911602209943 0.6796875 0.24861878453038674 0.2734375
3 0.7292817679558011 0.63125 0.16574585635359115 0.234375
1 0.7917203397790055 0.7611613078125 0.7584767237569061 0.7611613078125 0.7038622044198894 0.7638487984375 0.6444986685082873 0.7504114015625001 0.5946333397790056 0.7490676828125 0.5875096436464089 0.8458168953125 0.2455758370165746 0.8592542906249999 0.23370312983425415 0.8310358828125001 0.17908860497237566 0.8458168953125 0.09597966022099447 0.83372326875 0.05798703591160221 0.7826611734375 0.015437027624309393 0.82312113125 0 1 0.801218361878453 0.9976594625 0.7917203397790055 0.7611613078125
3 0.9157458563535912 0.76484375 0.1685082872928177 0.4671875
3 0.425414364640884 0.7 0.27348066298342544 0.2734375
3 0.3342541436464088 0.546875 0.055248618784530384 0.0796875