1 0.571793906077348 0.5063229640625 0.368852361878453 0.50058076875 0.03298336187845304 0.990935425 0.9827504530386741 0.997278915625 0.9928977624309392 0.8451112140625 0.571793906077348 0.5063229640625
2 0.5580110497237569 0.4515625 0.09392265193370165 0.1265625
4 0.9668508287292817 0.4 0.06629834254143646 0.7984375
4 0.7016574585635359 0.35 0.11878453038674033 0.48125
4 0.8674033149171271 0.315625 0.15469613259668508 0.3640625
4 0.6132596685082873 0.3734375 0.055248618784530384 0.296875
4 0.32044198895027626 0.375 0.09392265193370165 0.296875
4 0.3701657458563536 0.3921875 0.06629834254143646 0.215625
4 0.09007014640883977 0.28056173281249996 0.26230812983425417 0.4288035921875 0.27752890331491714 0.2594094125 0.1050285138121547 0 0.09007014640883977 0.28056173281249996
4 0.5414364640883977 0.3375 0.06629834254143646 0.096875
4 0.4558011049723757 0.4734375 0.10220994475138122 0.0453125
4 0.04143646408839779 0.315625 0.08287292817679558 0.63125
4 0.30797005524861876 0.49694850781250005 0 0.6716260390625 0.003557740331491713 0.9850333046875 0.3942200552486188 0.49981954999999995 0.30797005524861876 0.49694850781250005