2 0.1574585635359116 0.5671875 0.23756906077348067 0.2640625
1 1 0.902487290625 0.9735618535911602 0.8696255609374999 0.9702154033149172 0.8060821703125001 0.768344182320442 0.7856153953125 0.7319580497237569 0.7485521171875 0.5602154447513812 0.7460812375 0.5660371381215469 0.671131065625 0.42776982044198897 0.6604238703124999 0.42776982044198897 0.6159479546875 0.2924134640883978 0.61759521875 0.3186114143646409 0.6752492078125 0.19053228453038673 0.7123124859375001 0 0.70819434375 0 1 0.9997599171270719 0.998935165625 1 0.9752827 1 0.902487290625
3 0.8867403314917127 0.6734375 0.22099447513812154 0.19375
3 0.6546961325966851 0.665625 0.1712707182320442 0.15625
3 0.6602209944751382 0.51875 0.12154696132596685 0.078125
3 0.5027624309392266 0.5796875 0.1298342541436464 0.1359375
3 0.04696132596685083 0.61875 0.09116022099447514 0.1609375
4 0.14917127071823205 0.4140625 0.052486187845303865 0.121875
4 0.494475138121547 0.4359375 0.06906077348066299 0.1671875
4 0.7486187845303868 0.434375 0.04143646408839779 0.2015625
4 0.356353591160221 0.55625 0.13259668508287292 0.096875