4 0.5027624309392266 0.0984375 0.994475138121547 0.1765625
4 0.08287292817679558 0.359375 0.16298342541436464 0.2640625
4 0.24861878453038674 0.340625 0.20718232044198895 0.29375
4 0.5773480662983426 0.31875 0.212707182320442 0.3015625
4 0.8370165745856354 0.353125 0.3259668508287293 0.246875
4 0.44751381215469616 0.39375 0.26795580110497236 0.1859375
4 0.8066298342541437 0.5625 0.058011049723756904 0.21875
4 0.9074585635359116 0.4859375 0.1850828729281768 0.08125
3 0.4585635359116022 0.55625 0.052486187845303865 0.075
3 0.19889502762430938 0.7171875 0.356353591160221 0.29375
3 0.56353591160221 0.7421875 0.36187845303867405 0.3359375
3 0.9171270718232044 0.671875 0.16574585635359115 0.2796875
1 1 0.7672805968749999 0.9731979696132597 0.755611825 0.9378955662983425 0.791571203125 0.9407197154696132 0.8011603765625 0.9322470497237569 0.8099504640624999 0.8997687983425414 0.8091513484374999 0.8969446491712707 0.7867766921875 0.9294229033149172 0.757210025 0.8475212845303868 0.7667991984375 0.8376366546961326 0.7755892859375 0.8065705828729282 0.767598284375 0.771268179558011 0.770794684375 0.771268179558011 0.9146322281250001 0.7176084834254144 0.9154313125 0.3772933370165746 0.910636740625 0.36882067403314917 0.889061078125 0.36882067403314917 0.8594944718749999 0.3391666767955801 0.8307270421874999 0.23608372375690606 0.805954978125 0.22902324309392263 0.8339233828125 0.24596835082872928 0.8578963015625 0.21066595027624307 0.8778737328125 0.18383610220994476 0.8786728796875 0.16265465745856353 0.865088159375 0.19372083701657458 0.8395170406249999 0.19654498895027625 0.8003612906249999 0.08216522375690608 0.8339233828125 0.056747450276243096 0.8451107265625 0.032741856353591156 0.8435125265625001 0.03132978453038674 0.8275305796874999 0.042626488950276244 0.81234775 0.11040714364640883 0.794767665625 0.12311603314917127 0.7747902328125 0.1824240276243094 0.7660001125 0.17395146961325966 0.7428262796875 0.04968696961325967 0.74442448125 0.00211846408839779 0.7770808421875001 0 1 1 0.9985385093750001 1 0.7672805968749999