4 0.2596685082872928 0.3015625 0.13535911602209943 0.4421875
4 0.850828729281768 0.371875 0.1298342541436464 0.328125
4 0.0856353591160221 0.60625 0.1685082872928177 0.2296875
3 0.36464088397790057 0.6484375 0.38950276243093923 0.21875
4 0.44751381215469616 0.5078125 0.19889502762430938 0.05625
4 0.7900552486187845 0.046875 0.4171270718232044 0.0859375
4 0.20441988950276244 0.040625 0.4088397790055249 0.08125
4 0.5580110497237569 0.0765625 0.2569060773480663 0.0328125
1 0.1132596685082873 0.86875 0.20718232044198895 0.2609375
3 0.4696132596685083 0.8171875 0.46408839779005523 0.3140625
3 0.6961325966850829 0.4875 0.1878453038674033 0.153125