2 0.15469613259668508 0.571875 0.212707182320442 0.234375
1 1 0.9418559500000001 0.9143282872928176 0.88095801875 0.9206860580110496 0.8319371562500001 0.7071343038674033 0.783808125 0.6913483370165746 0.7514247984375 0.5058602099447513 0.76705809375 0.5098067016574586 0.6609748390625 0.3835171574585636 0.6587415421875 0.40324991712707187 0.6062582390625 0.27696037292817677 0.609608228125 0.296693135359116 0.676608178125 0.18816295303867403 0.710108153125 0.002674828729281768 0.7056414734375 0.008594715469613259 1 0.9952327237569061 1 1 0.95002415 1 0.9418559500000001
3 0.024861878453038673 0.615625 0.04419889502762431 0.15625
4 0.3453038674033149 0.553125 0.1270718232044199 0.121875
3 0.4585635359116022 0.5828125 0.13259668508287292 0.140625
3 0.6243093922651933 0.6671875 0.17955801104972377 0.14375
3 0.8591160220994475 0.6765625 0.2541436464088398 0.2125
3 0.6270718232044199 0.5234375 0.1132596685082873 0.0890625
4 0.7154696132596685 0.41875 0.07734806629834254 0.2265625
4 0.9723756906077348 0.4265625 0.055248618784530384 0.190625
4 0.13535911602209943 0.396875 0.052486187845303865 0.1125
4 0.46685082872928174 0.428125 0.06353591160220995 0.1375