2 0.5303867403314917 0.5734375 0.15193370165745856 0.3671875
4 0.8093922651933702 0.415625 0.06353591160220995 0.203125
4 0.20994475138121546 0.4296875 0.049723756906077346 0.1796875
4 0.3314917127071823 0.528125 0.143646408839779 0.0921875
4 0.5359116022099447 0.3890625 0.052486187845303865 0.09375
3 0.09116022099447514 0.540625 0.18232044198895028 0.06875
4 0.09392265193370165 0.496875 0.1878453038674033 0.028125
3 0.09392265193370165 0.596875 0.1408839779005525 0.15
3 0.212707182320442 0.56875 0.0856353591160221 0.1109375
3 0.7182320441988951 0.6296875 0.1685082872928177 0.1625
3 0.9005524861878453 0.6515625 0.19889502762430938 0.2390625
3 0.6878453038674033 0.4890625 0.09668508287292818 0.075
1 0.5 0.8734375 1 0.253125
1 0.356353591160221 0.6640625 0.16574585635359115 0.1671875
1 0.15469613259668508 0.7125 0.30939226519337015 0.06875
1 0.5911602209944752 0.678125 0.08011049723756906 0.13125