1 0.603971593922652 0.9266983296875001 0.5117439281767956 0.8536307828125 0.5786090220994475 0.6996669921875001 0.5878316464088398 0.5326553703125 0.7353959475138121 0.5274362890625001 0.7008105718232045 0.47524517031249996 0.5601634171270718 0.47524517031249996 0.442573179558011 0.5848464890625 0.5232723867403315 0.5913703796875 0.5140495828729281 0.70619088125 0.35956831491712704 0.8079635546875 0.16358452486187847 0.7492485453125 0.08519097513812154 0.8366686296875001 0 0.79100145 0.012106837016574586 1 0.43335037569060775 0.9997658765624999 0.398765002762431 0.9319174625000001 0.603971593922652 0.9266983296875001
3 0.43646408839779005 0.6609375 0.17403314917127072 0.1546875
3 0.7458563535911602 0.6171875 0.505524861878453 0.2359375
3 0.7209944751381215 0.8765625 0.5552486187845304 0.2453125
2 0.1132596685082873 0.503125 0.12154696132596685 0.1734375
2 0.23480662983425415 0.503125 0.1878453038674033 0.215625
3 0.14917127071823205 0.69375 0.2955801104972376 0.1875
3 0.27624309392265195 0.565625 0.2596685082872928 0.078125
3 0.9585635359116023 0.3703125 0.08287292817679558 0.1140625
0 0.850828729281768 0.4265625 0.04419889502762431 0.15625
0 0.6187845303867403 0.41875 0.1270718232044199 0.0671875
4 0.8535911602209945 0.3 0.06906077348066299 0.0609375