2 0.3342541436464088 0.553125 0.2292817679558011 0.26875
3 0.0718232044198895 0.5625 0.143646408839779 0.1140625
3 0.580110497237569 0.640625 0.1878453038674033 0.1359375
3 0.5773480662983426 0.5 0.10220994475138122 0.0703125
3 0.43370165745856354 0.565625 0.11049723756906077 0.1328125
3 0.8038674033149171 0.6453125 0.27071823204419887 0.2046875
1 1 0.9344310015625 0.8606933701657459 0.83877513125 0.8584276298342542 0.7797988546875 0.6703824696132596 0.750310740625 0.6703824696132596 0.720822725 0.48007191160220997 0.7374898171875001 0.47780634530386745 0.6900523921875 0.003398917127071823 0.6908334734375 0 0.9951903546875001 1 0.9964715921874999 1 0.9344310015625
4 0.9502762430939227 0.409375 0.09668508287292818 0.1453125
4 0.4198895027624309 0.415625 0.06906077348066299 0.1515625
4 0.6685082872928176 0.4109375 0.04696132596685083 0.2078125
4 0.07734806629834254 0.415625 0.06077348066298342 0.178125
4 0.19613259668508287 0.5328125 0.10773480662983426 0.096875