2 0.4005524861878453 0.5546875 0.23756906077348067 0.328125
1 0.47513812154696133 0.8765625 0.9392265193370166 0.2453125
3 0.6298342541436464 0.6609375 0.15193370165745856 0.1796875
3 0.8591160220994475 0.64375 0.2569060773480663 0.2078125
3 0.6187845303867403 0.49375 0.09944751381215469 0.06875
3 0.4861878453038674 0.5625 0.13259668508287292 0.121875
3 0.04143646408839779 0.6 0.08011049723756906 0.1609375
3 0.12154696132596685 0.575 0.11878453038674033 0.1015625
3 0.055248618784530384 0.5375 0.11049723756906077 0.059375
4 0.4558011049723757 0.4046875 0.04419889502762431 0.1328125
4 0.7154696132596685 0.40625 0.055248618784530384 0.1734375
4 0.9668508287292817 0.40625 0.06353591160220995 0.1453125
4 0.11602209944751381 0.425 0.052486187845303865 0.1828125
4 0.24585635359116023 0.5328125 0.1464088397790055 0.1171875