2 0.8218232044198895 0.66640625 0.356353591160221 0.6171875
1 0.16022099447513813 0.6546875 0.32044198895027626 0.0828125
4 0.08287292817679558 0.5234375 0.16298342541436464 0.096875
4 0.2292817679558011 0.4 0.04696132596685083 0.1796875
3 0.39502762430939226 0.4796875 0.09944751381215469 0.1109375
4 0.5027624309392266 0.40625 0.06629834254143646 0.2078125
4 0.9475138121546961 0.3859375 0.10220994475138122 0.1140625
3 0.2430939226519337 0.5453125 0.13812154696132597 0.15
3 0.42265193370165743 0.61875 0.13259668508287292 0.1671875
3 0.580110497237569 0.609375 0.1464088397790055 0.1796875
1 0.292817679558011 0.8484375 0.5718232044198895 0.3015625