4 0.12430939226519337 0.3234375 0.24585635359116023 0.0921875
0 0.013812154696132596 0.4640625 0.024861878453038673 0.190625
4 0.11602209944751381 0.49375 0.15193370165745856 0.2421875
1 0.9889114613259669 0.951253834375 0.5320607099447514 0.53943640625 0.35117554143646407 0.5355018046875 0.003479088397790055 0.7481258515625 0.0010005801104972375 0.9997801578125 0.9958686519337017 0.9997801578125 0.9889114613259669 0.951253834375
4 0.055248618784530384 0.65 0.10773480662983426 0.0234375
4 0.08011049723756906 0.5984375 0.16022099447513813 0.065625
4 0.5994475138121547 0.48125 0.06629834254143646 0.1390625
0 0.22375690607734808 0.496875 0.06906077348066299 0.184375
4 0.2900552486187845 0.4765625 0.055248618784530384 0.140625
4 0.6325220497237569 0.607277765625 0.806057002762431 0.745403425 0.805952773480663 0.7468574296875 0.9960597928176795 0.9147298765625 0.9960597928176795 0.0753668203125 0.6258514806629835 0.35075332187499997 0.6325220497237569 0.607277765625
0 0.7707182320441989 0.4671875 0.10773480662983426 0.2234375
3 0.494475138121547 0.509375 0.06077348066298342 0.0546875