4 0.20165745856353592 0.5828125 0.3149171270718232 0.2171875
4 0.4447513812154696 0.31875 0.13535911602209943 0.409375
3 0.6325966850828729 0.76875 0.4723756906077348 0.353125
3 0.5220994475138122 0.6234375 0.356353591160221 0.2328125
4 0.5994475138121547 0.5015625 0.1850828729281768 0.05
4 0.9530386740331491 0.3765625 0.09392265193370165 0.3015625
4 0.8798342541436464 0.0796875 0.24033149171270718 0.084375
4 0.1270718232044199 0.05625 0.2430939226519337 0.10625
4 0.4171270718232044 0.075 0.3397790055248619 0.0671875
1 0.212707182320442 0.859375 0.32044198895027626 0.28125
1 0.6961325966850829 0.96875 0.6077348066298343 0.0625
3 0.8370165745856354 0.4921875 0.15469613259668508 0.115625