2 0.1574585635359116 0.5453125 0.22099447513812154 0.31875
2 0.47513812154696133 0.653125 0.4447513812154696 0.59375
1 0.14917127071823205 0.8515625 0.2983425414364641 0.2953125
1 0.7928176795580111 0.875 0.4143646408839779 0.2171875
3 0.9116022099447514 0.64375 0.17679558011049723 0.2078125
3 0.6933701657458563 0.6390625 0.1685082872928177 0.1625
3 0.6850828729281768 0.478125 0.10220994475138122 0.0578125
3 0.04143646408839779 0.6 0.08011049723756906 0.1625
4 0.16022099447513813 0.3859375 0.06077348066298342 0.1328125
4 0.5138121546961326 0.3765625 0.07458563535911603 0.1171875
4 0.7845303867403315 0.38125 0.08839779005524862 0.221875