4 1 0.5219716062499999 0.9682059060773481 0.0924528328125 0.629186638121547 0.352639503125 0.6258514806629835 0.59784671875 0.9927243812154696 0.9128436953125 0.9993946961325968 0.53371564375 0.795947046961326 0.5186259828125 0.7992824613259669 0.599732971875 0.6792147596685083 0.5450328718749999 0.6725444475138121 0.3828188953125 0.789276732044199 0.345094709375 0.8026176160220995 0.5186259828125 1 0.5317807609375 1 0.5219716062499999
4 0.12154696132596685 0.503125 0.143646408839779 0.2390625
4 0.09392265193370165 0.334375 0.1878453038674033 0.0875
1 0.9760483425414365 0.9675437953125 0.5091191933701658 0.5393742578125 0.3490293535911602 0.5374880765625 0.021682400552486186 0.7339622671875 0.0021676491712707183 0.9977231171875 0.9860540662983426 0.9939507546874999 0.9760483425414365 0.9675437953125
4 0.052486187845303865 0.6625 0.10220994475138122 0.0265625
4 0.024861878453038673 0.63125 0.03591160220994475 0.1265625
4 0.09116022099447514 0.6359375 0.1132596685082873 0.025
0 0.22375690607734808 0.490625 0.06077348066298342 0.2
4 0.2900552486187845 0.4796875 0.06629834254143646 0.15
4 0.5911602209944752 0.490625 0.06077348066298342 0.1390625
0 0.7430939226519337 0.48125 0.10773480662983426 0.1921875
3 0.4861878453038674 0.5125 0.07458563535911603 0.05625