2 0.4972375690607735 0.5546875 0.30386740331491713 0.4
4 0.7900552486187845 0.3984375 0.06077348066298342 0.2234375
4 0.5220994475138122 0.3609375 0.07458563535911603 0.1125
4 0.19337016574585636 0.41875 0.06077348066298342 0.19375
1 0.9933174198895028 1 0.9964035303867403 0.733920434375 0.8205055635359115 0.7461447265625 0.7495297182320443 0.6972480296875 0.6014053370165746 0.698994309375 0.5612882486187845 0.7409056875 0.3792187651933702 0.7112185984375 0.42550760497237566 0.571513959375 0.2712114723756906 0.5645287078125001 0.16629005801104974 0.671053434375 0 0.6832775921875001 0 1 0.9933174198895028 1
4 0.3287292817679558 0.5140625 0.1685082872928177 0.0953125
3 0.8964088397790055 0.621875 0.20718232044198895 0.2
3 0.7209944751381215 0.6140625 0.16298342541436464 0.1640625
3 0.6906077348066298 0.4765625 0.09944751381215469 0.0796875
3 0.08287292817679558 0.5828125 0.16574585635359115 0.1390625
3 0.09668508287292818 0.5328125 0.18232044198895028 0.0671875
3 0.20718232044198895 0.5515625 0.12154696132596685 0.103125