2 0.5027624309392266 0.546875 0.3011049723756906 0.40625
1 1 0.984904509375 0.9893900248618785 0.765412903125 0.7359137154696131 0.6955800562500001 0.6225164585635359 0.6993546828125 0.5658179613259668 0.616310034375 0.5424713259668508 0.7559760140625 0.4424149668508287 0.7578633625 0.41239800828729284 0.546477115625 0.2423022541436464 0.5710130125 0.17226285359116023 0.672931365625 0 0.7106789203125 0 1 0.0288486408839779 1 1 1 1 0.984904509375
3 0.06629834254143646 0.59375 0.1298342541436464 0.18125
3 0.16574585635359115 0.540625 0.143646408839779 0.1078125
3 0.6823204419889503 0.6296875 0.16298342541436464 0.1765625
3 0.8839779005524862 0.63125 0.18232044198895028 0.221875
3 0.6685082872928176 0.478125 0.11049723756906077 0.0875
4 0.17955801104972377 0.4203125 0.07458563535911603 0.1734375
4 0.3259668508287293 0.5078125 0.19889502762430938 0.0890625
4 0.7651933701657458 0.3890625 0.07734806629834254 0.2203125
4 0.5027624309392266 0.3578125 0.07734806629834254 0.0921875