2 0.3425414364640884 0.5375 0.19060773480662985 0.3046875
1 0.32320441988950277 0.859375 0.6464088397790055 0.2796875
1 0.649171270718232 0.884375 0.4613259668508287 0.221875
3 0.8011049723756906 0.6671875 0.24861878453038674 0.2
3 0.569060773480663 0.6484375 0.16574585635359115 0.14375
3 0.425414364640884 0.5703125 0.13259668508287292 0.1484375
3 0.56353591160221 0.5046875 0.1408839779005525 0.0703125
3 0.06077348066298342 0.559375 0.11878453038674033 0.1109375
4 0.9323204419889503 0.4171875 0.13535911602209943 0.153125
4 0.6602209944751382 0.421875 0.06906077348066299 0.2140625
4 0.39502762430939226 0.4125 0.06353591160220995 0.1671875
4 0.06353591160220995 0.428125 0.0718232044198895 0.1796875
4 0.15469613259668508 0.5390625 0.055248618784530384 0.0921875